0.08
0.14
0.11
0.22
0.16
0.08
-0.02
0.02
0.09
0.18
0.17
0.23
0.16
-0.00
-0.05
0.03
0.07
0.01
0.03
0.04
0.08
0.14
0.11
0.22
0.16
0.08
-0.02
0.02
0.09
0.18
0.17
0.23
0.16
-0.00
-0.05
0.03
0.07
0.01
0.03
0.04
0.08
0.14
0.11
0.22
0.16
0.08
-0.02
0.02
0.09
0.18
0.17
0.23
0.16
-0.00
-0.05
0.03
0.07
0.01
0.03
0.04
0.08
0.14
0.11
0.22
0.16
0.08
-0.02
0.02
0.09
0.18
0.17
0.23
0.16
-0.00
-0.05
0.03
0.07
0.01
0.03
0.04
0.08
0.14
0.11
0.22
0.16
0.08
-0.02
0.02
0.09
0.18
0.17
0.23
0.16
-0.00
-0.05
0.03
0.07
0.01
0.03
0.04